name: hpe_env
channels:
  - conda-forge
  - defaults
dependencies:
  - atomicwrites=1.4.0=py_0
  - attrs=21.4.0=pyhd3eb1b0_0
  - brotlipy=0.7.0=py36h68aa20f_1001
  - ca-certificates=2024.2.2=h56e8100_0
  - certifi=2021.5.30=py36ha15d459_0
  - cffi=1.14.6=py36he58ceb7_1
  - colorama=0.4.4=pyhd3eb1b0_0
  - cryptography=35.0.0=py36hd0de82c_0
  - freetype=2.12.1=hdaf720e_2
  - idna=3.6=pyhd8ed1ab_0
  - importlib-metadata=4.8.1=py36haa95532_0
  - importlib_metadata=4.8.1=hd3eb1b0_0
  - iniconfig=1.1.1=pyhd3eb1b0_0
  - jpeg=9e=hcfcfb64_3
  - lcms2=2.12=h2a16943_0
  - libpng=1.6.43=h19919ed_0
  - libsqlite=3.45.1=hcfcfb64_0
  - libtiff=4.2.0=h0c97f57_3
  - libzlib=1.2.13=hcfcfb64_5
  - more-itertools=8.12.0=pyhd3eb1b0_0
  - olefile=0.46=pyh9f0ad1d_1
  - openssl=1.1.1w=hcfcfb64_0
  - packaging=21.3=pyhd3eb1b0_0
  - pip=21.3.1=pyhd8ed1ab_0
  - pluggy=0.13.1=py36haa95532_0
  - py=1.11.0=pyhd3eb1b0_0
  - pyautogui=0.9.53=py36ha15d459_0
  - pycparser=2.21=pyhd8ed1ab_0
  - pymsgbox=1.0.9=pyhd8ed1ab_1
  - pyopenssl=22.0.0=pyhd8ed1ab_1
  - pyparsing=3.0.4=pyhd3eb1b0_0
  - pyperclip=1.8.2=pyhd8ed1ab_2
  - pyscreeze=0.1.28=pyhd8ed1ab_1
  - pysocks=1.7.1=py36ha15d459_3
  - pytest=6.2.4=py36haa95532_2
  - pytest-html=3.1.1=pyhd3eb1b0_1
  - pytest-metadata=1.11.0=py36haa95532_0
  - python=3.6.8=h9f7ef89_7
  - python_abi=3.6=2_cp36m
  - pytweening=1.2.0=pyhd8ed1ab_0
  - pywin32=227=py36h68aa20f_1
  - selenium=3.141.0=py36h68aa20f_1002
  - setuptools=58.0.4=py36ha15d459_2
  - sqlite=3.45.1=hcfcfb64_0
  - tk=8.6.13=h5226925_1
  - toml=0.10.2=pyhd3eb1b0_0
  - typing_extensions=4.1.1=pyh06a4308_0
  - ucrt=10.0.22621.0=h57928b3_0
  - urllib3=1.26.15=pyhd8ed1ab_0
  - vc=14.3=hcf57466_18
  - vc14_runtime=14.38.33130=h82b7239_18
  - vs2015_runtime=14.38.33130=hcb4865c_18
  - wheel=0.37.1=pyhd8ed1ab_0
  - win10toast=0.9=py36h9f0ad1d_2
  - win_inet_pton=1.1.0=pyhd8ed1ab_6
  - xz=5.2.6=h8d14728_0
  - zipp=3.6.0=pyhd3eb1b0_0
  - zlib=1.2.13=hcfcfb64_5
  - zstd=1.5.6=h0ea2cb4_0
  - pip:
    - pillow==8.4.0
    - pytest-html-reporter==0.2.9
prefix: C:\Users\adith\anaconda3\envs\hpe_env
